50000 500
9766 19043
37277 64686
23030 35536
10116 19493
26318 44870
3980 5080
13247 15142
12662 20717
11590 22851
30703 35930
8532 10104
15646 22221
17396 22061
4476 5120
1133 2237
32789 32495
11487 10995
21493 39378
15011 28433
2053 1867
37141 60884
4752 8212
12229 15812
8804 10252
18621 22528
31777 30101
37123 53246
20754 39205
19128 29500
9942 13915
14359 27999
8251 11014
7871 15657
14513 24218
16277 19003
20690 37318
16207 17018
15668 29111
30905 34286
19827 26531
11717 11256
17929 35241
29253 48118
34686 51054
15974 20798
20636 20772
20982 39255
35708 44973
6176 7744
4487 6826
6947 6827
34260 42774
25197 30109
33330 63467
17240 19558
18300 19993
26364 27764
2065 3286
11962 19858
22032 36550
17308 33625
5007 4676
5159 9291
30100 31252
25606 50785
19743 22780
14102 18131
36274 43439
22194 29104
26219 35742
16149 22173
9419 13536
14043 25082
14385 13816
5495 8367
20302 29245
10723 18104
33738 44859
8240 15043
7833 9886
14026 26906
23788 42943
32728 59268
16014 31510
16247 16344
32879 32671
12260 14042
8330 10024
11525 12284
12674 20632
3926 5324
16982 23202
14463 18435
14565 25833
34705 67824
5651 5996
8908 13380
36221 66629
32761 30374
10848 17925
12527 24630
16977 23928
9829 10744
14988 18616
33520 47990
15040 18533
28256 46058
34618 63483
6634 9289
27413 32753
18626 26383
5027 7890
5154 9584
36977 42922
31770 62541
12692 16028
22224 30109
25847 41485
5641 5708
10752 20750
4661 6648
16161 16221
16142 29685
34340 43597
1150 1497
3400 6199
2838 5119
24443 45990
4152 5289
15425 23692
2664 3863
29313 53627
27996 28612
29631 36552
19328 28499
30771 61391
33503 43645
30959 46099
15974 26010
2682 2701
22311 41258
17172 18822
26201 23931
22286 36694
34166 67320
19136 29761
29513 35685
9588 15970
3121 5824
34732 35669
10913 15492
22875 21467
24799 46179
33919 53414
13062 25345
26804 28538
27772 32188
5579 5196
23726 30476
31280 38056
30509 55152
2324 2744
34190 58287
1233 1344
36329 44673
15137 20653
29606 56767
34025 37020
5490 5998
13823 14437
430 775
26802 27568
29253 27320
29074 40969
8626 9873
13433 23662
2815 3066
16252 17161
33000 41825
18547 25721
6647 10404
12306 20428
35142 48549
35596 54927
34976 57608
22184 22477
16582 33033
24451 39835
27006 32688
7768 14656
7955 12585
34931 35208
27879 50168
1584 1918
7482 14381
32983 38077
31333 29338
14688 20092
1280 1564
15424 28911
33934 33212
10285 9910
20706 19720
6568 12658
23347 45158
33473 47977
17700 23672
36787 39477
15883 14813
26697 34034
5507 7093
5701 11142
16363 24261
32149 32720
23299 26566
29864 57616
2566 4289
17343 33159
6485 11085
1132 1830
11651 15043
31558 53542
13304 16974
36757 64439
36450 44482
17882 29653
20470 37952
35540 47420
17122 29384
18215 21036
18957 18272
9992 18647
35728 37314
1987 2369
26378 23983
4572 5513
16296 25891
33367 46380
25979 26627
13890 26490
24759 47879
30466 48630
33784 54349
32469 45304
35087 42199
25711 39343
2602 4174
16188 17046
7567 13579
27529 39030
7022 11056
21368 34812
20208 25094
3274 4553
4954 9826
36327 49893
15082 18466
34501 46321
11457 21064
37048 73868
34179 41797
13452 24509
5188 9028
8083 15971
10570 20100
28593 50215
18964 31437
2355 4542
4140 7570
13833 22514
2670 4998
21455 41919
37458 63456
28830 39195
10631 17415
13626 25200
4578 5348
510 669
11048 19673
33420 61095
12359 15222
9584 10782
23641 27537
22967 36276
1562 2987
4969 4793
16791 29194
12862 20137
33039 52721
24560 27422
32709 49244
9476 12533
4764 8622
10981 14895
8892 16917
5540 5510
36384 62800
4465 8300
31445 41378
3826 6980
27471 49295
30428 43674
3552 6108
8858 13552
17535 23641
24444 32903
26126 28440
14521 24843
21478 41126
30845 38999
20333 20858
32631 61678
6540 6701
34250 37095
20253 23614
20671 33321
20307 30867
36570 44349
18703 32416
37032 49992
16281 17674
15653 30036
18605 34945
18621 24985
10939 9913
12879 19516
27298 45451
36406 53079
963 1406
27414 49570
1241 2477
855 781
15917 24646
22844 37679
12159 24309
230 400
33344 58300
15839 15725
35348 42623
31764 58950
27969 45741
10933 19192
15067 25929
23562 35559
25204 33857
32753 61353
34733 38590
11048 19108
2961 5663
32833 31014
36028 61714
26998 47679
994 1627
18602 21875
2664 4207
30061 43601
11481 20667
31540 37093
31349 42091
16719 18900
35244 54073
8977 11085
20118 23075
25968 40496
7570 15029
24200 25822
29013 57088
17926 28947
20421 33266
30840 32767
5395 10316
9504 17605
32023 31391
8158 13307
6524 9495
17559 34181
8018 15014
13223 23743
2327 2647
5667 6861
34591 32742
12469 11273
33812 43345
14253 22673
16727 22039
6279 5732
18914 21545
22106 43521
33494 65904
15555 14593
20772 34054
31252 55105
26347 28587
26200 24420
26365 34327
35619 63979
6042 9733
12932 22632
19994 32784
27419 30206
3706 4224
10964 14569
30502 53738
34059 35329
24226 34212
37172 52520
4188 4408
255 425
11953 22333
32829 50985
27073 45782
3333 4234
4562 6178
36341 59827
10197 12204
3065 4374
19590 21963
28667 35243
3991 4500
36546 49882
21352 37468
18175 35415
33217 33332
32355 30094
4828 6427
22286 42623
18440 30491
14412 20522
27812 46640
5896 10750
10279 18881
741 1344
24551 28953
18269 26973
31831 49414
36058 56529
35898 46323
16573 24410
36632 36727
14484 27243
5096 9371
12897 16670
22970 25582
33907 58021
24622 46053
34525 64101
22317 23167
17292 32109
10401 18826
10362 17425
31078 54585
453 450
17292 15822
25939 29848
34333 66276
21243 26427
36188 56600
3888 6599
36525 70081
4224 5338
24302 33110
33274 51356
19414 31525
13524 14714
6642 10138
9392 8905
10189 13757
6861 11777
12583 18251
25236 28563
11434 16146
36101 36480
4212 5154
13095 21574
2031 2482
31733 35561
30433 35952
22358 25364
17519 19163
30991 35316
12356 15714
25635 27744
35555 44756
36212 52005
11601 14904
12586 13373
12915 11979
10825 10515
6028 9237
26651 30823
21738 34329
24800 33012
34670 63653
27349 54622
5123 4659
7919 10130
2195 2272
3472 6624
28892 39338
13964 27596
