5000 200
3298 5113
1514 1454
112 175
445 701
2344 4673
2485 2559
3608 6263
1993 3055
2981 4552
3492 6485
1698 3169
2465 4844
3739 7426
2685 5311
2482 3797
1424 1421
880 1457
2456 4336
939 1194
1151 1651
3285 5410
2053 2432
402 741
2333 2499
1944 2213
3295 5978
1362 2399
3554 4054
2217 2144
2550 4611
417 607
1852 2598
2527 2436
2846 3905
398 569
1797 2510
878 1032
632 935
2637 4814
1889 2390
3143 4217
2253 3859
2620 3222
453 583
3316 5646
761 1390
39 77
2625 4317
759 1500
2850 4093
683 622
3364 3460
151 266
2089 2707
3027 5225
1083 1810
1640 2447
2841 2719
3700 6202
1696 2636
1365 1262
2067 1949
327 445
3409 6129
1923 3343
63 109
704 733
2068 3245
258 378
201 327
3373 3637
59 108
3727 3377
70 122
2539 2718
3605 6343
2924 4667
419 430
3211 5340
2077 3940
842 1222
3211 4974
2563 4582
1008 1231
2609 2921
1036 1586
218 354
1087 1912
1250 1897
562 665
687 1048
3042 4797
955 924
1422 1972
2465 2282
2638 4015
1049 1113
1490 2742
751 1388
1071 1139
2198 3098
3705 6856
3504 4861
3531 6623
611 1185
3636 6144
2299 2679
864 1138
3111 4221
1097 1066
2500 3648
544 868
1622 3103
3424 5528
1625 1491
569 998
1069 1713
3184 4818
1467 1640
3397 6382
1184 1724
3224 6275
2353 3182
2431 2317
2319 3523
2936 5391
2391 4236
2507 3728
2215 3893
1761 2898
3005 3129
1904 3634
1817 1789
254 278
1533 2448
3038 3253
1529 2739
2725 5182
2723 4458
2946 5256
475 777
2988 3878
1979 2267
3111 5249
2220 4344
236 443
2547 4729
291 469
2483 2978
2847 5227
2687 3401
687 1284
842 1601
1211 2252
2523 2973
2215 2368
2993 3893
169 329
3294 4034
991 1361
3220 4714
2685 4152
593 771
3315 5431
2564 4444
230 364
1681 3042
1409 2801
2297 4051
2004 2758
251 287
1238 1285
2496 4511
1664 1871
985 1664
2540 4482
1112 2090
2160 2356
2389 4707
2812 4693
1473 2553
3384 3964
1762 2124
2416 4536
1390 1263
173 167
1624 2446
716 1044
2390 2212
657 1165
1254 1686
3290 3048
1835 3650
3492 5632
2443 2461
1313 1710
3206 5785
1103 2134
2539 3559
3648 5593
