10000 500
5801 6500
1720 3156
5268 9022
5272 6712
3116 2945
4009 7570
5488 9164
6129 8321
6813 10205
2498 3556
39 39
7236 7283
7051 10508
5783 11223
7051 8542
6210 6381
1087 1923
7344 8746
4551 7514
5389 6712
1338 1636
2716 5163
7242 14200
1915 3185
620 1053
3921 6901
278 314
3632 3981
6263 12318
5792 7913
6191 6508
4439 7162
3421 6294
5385 7820
3538 6910
1916 3548
2484 4686
425 383
3929 7035
3789 5315
3591 5785
3111 5335
95 126
3061 3250
785 1486
624 1041
5039 5805
2076 2446
3996 7959
3758 7244
5367 5359
232 441
2612 4589
3038 6003
3098 4012
3460 5061
1361 1957
7000 13511
2833 5373
4968 5169
7419 13489
793 1142
1368 1666
227 214
4898 4438
3829 6159
2629 4400
5859 8902
7056 9760
44 87
6416 9740
5146 7812
221 343
1793 1863
4352 4084
2796 3795
7394 7607
3633 5553
675 991
4669 7394
4689 7525
609 731
5387 8012
5600 9390
5986 10569
5964 7962
3649 5531
4917 6867
7279 8501
3266 4247
140 166
7289 12199
5262 9719
5692 7951
5732 11396
875 1188
4186 7272
3313 6121
1053 1442
4287 6948
6675 9484
6691 6109
4317 4504
2034 3420
3807 3578
976 1391
1081 1583
4904 4951
1720 3264
5011 7822
1811 2073
1972 2425
5293 10130
4582 9015
4682 4724
1381 2378
7445 14868
2767 3565
6941 12192
738 1091
5936 10738
3580 5195
6540 11450
6307 12357
617 717
3172 3999
1637 2714
5361 10416
7084 9278
3695 5979
5934 10304
6689 11450
496 946
3598 3654
2979 5746
5391 8367
360 391
2348 3872
1507 2868
2845 5302
31 61
4057 7539
3682 4155
4142 4294
6653 9654
414 560
3647 6871
2123 2192
7346 10329
5037 8620
2546 2680
7351 8747
4850 7529
1051 1291
1738 2801
2567 2383
6521 10194
2336 4148
3791 6734
1153 1395
967 1143
5681 5280
6154 10265
3553 5719
4925 5843
1170 2247
712 1167
5081 5610
5031 8672
2463 4420
3681 5236
6464 9372
4412 7354
7041 13537
2554 3971
6049 8737
2485 2363
1067 2089
383 649
243 340
6607 9957
7287 10241
2297 3320
5869 11122
7437 7433
6919 6572
6449 12498
6843 6926
1172 1972
6088 9785
1063 1886
3854 6981
3572 3483
6766 6750
5284 6774
4598 4838
352 465
1254 1166
990 945
3306 5613
5861 11542
7379 7225
5726 9139
3108 5513
5315 6108
7214 9305
4468 4483
168 185
5738 10094
2601 4645
3707 6740
6465 10726
4858 6089
490 710
2731 3230
6575 8333
2116 3407
6988 13487
6195 11274
7473 12087
5363 7525
3489 5917
3657 6559
3907 6975
4585 7311
2315 2125
2632 2985
4328 6776
6624 8856
1087 1031
1667 1915
486 770
3097 4558
6070 7402
674 791
2049 3619
6741 10929
3264 4219
1510 2547
7093 8276
2574 4736
4155 4278
2491 2892
3455 4287
5482 5869
4786 5884
885 872
6711 8922
1412 1644
7455 13154
6032 5844
5924 9510
6733 8501
7449 13870
6149 7364
6507 7266
6218 10027
2004 2673
4302 4203
23 28
2956 2943
5076 5339
2211 2941
6971 8614
7483 11092
7095 10130
7213 12154
4734 6166
5751 10529
1858 3256
6725 10455
161 243
4744 8541
1309 1313
1217 1541
4362 8141
4203 7200
2041 1874
1942 2437
1219 2162
4938 9798
2129 4025
5378 8930
4559 8832
6423 6147
2489 4909
2069 3806
958 905
26 52
1887 2556
6285 6716
3497 3723
6867 8249
2810 4289
5947 5731
5496 5133
5624 10063
1463 2422
5734 5202
2774 3690
5295 6703
3221 5105
4128 5193
5442 7235
5200 6100
1492 1939
4939 7824
6836 12226
481 850
1697 2677
3037 4734
1912 3579
1884 2618
6069 7505
2487 3680
5556 10994
3100 5671
1984 2824
5553 10720
3531 6028
2882 5317
2655 2807
573 792
5570 10857
4803 9584
6188 8268
2627 4488
956 901
1800 1870
4576 5719
6663 7665
1479 2119
5920 11138
6197 10763
1730 3382
4966 4801
5608 9181
39 49
1080 1104
400 764
3138 3456
1812 3517
7348 6671
4826 5197
2609 5143
1215 2404
2468 3249
4902 5185
7097 6971
103 189
1709 1545
3067 4475
4177 6632
3578 6659
2782 3830
1422 1762
1636 1637
1488 2080
4282 5332
4458 4065
3102 6143
4674 7592
4156 4207
4925 8955
3736 5354
3802 4547
3036 3406
655 1024
2684 5167
1147 1337
6992 11960
4185 6813
4420 5296
2560 3028
270 269
709 646
358 476
3021 4001
7017 8333
6631 9346
3841 6869
4064 7953
1607 2110
2535 3940
2826 3894
5747 9192
6238 11096
5987 8797
2061 2303
4355 5529
156 240
7208 13734
2070 1949
3492 6164
3041 4115
2469 3060
4599 5837
952 1433
2085 2226
3021 3156
5324 10578
6288 9895
5195 5568
3695 5839
1744 2602
2351 4288
5073 7941
591 1011
4134 5879
1985 1876
4407 4638
3344 3831
7359 10496
2512 2524
1527 2420
7283 9961
4782 6871
484 947
4343 6975
1737 1667
2683 2584
658 1032
1289 2090
619 1034
153 286
3938 7190
89 139
2429 3811
101 137
2944 5139
5096 4977
6617 12465
2385 2164
3114 5904
3737 4112
1235 1904
7208 11843
2031 3124
3542 5032
2984 2709
6412 7967
724 1059
4978 9490
4339 6751
6357 6604
5388 5285
6911 9793
4769 5281
1114 1789
4232 4517
2031 3211
241 269
371 537
1837 2730
7006 9206
5639 8613
132 134
5378 9637
1003 1474
4272 7298
1773 1654
4178 7037
3465 6670
1954 3662
6365 9734
627 718
1593 2222
5422 7154
2655 4879
4763 4383
267 318
2827 3230
280 470
903 1368
3955 4292
3030 5074
1831 2699
7064 9330
4461 7846
1885 3673
4033 4806
3383 4787
87 144
1593 2592
1989 2278
3888 4490
7155 6685
5666 6915
5210 8997
5459 8404
7293 7814
4847 5765
7031 10722
3678 7119
3720 5278
129 132
5969 8265
3001 3287
2771 3494
115 189
