10000000 300
1917190 2602906
3892915 7364393
423147 541997
1808324 3290773
3211743 6171941
2624358 3806285
5387012 8510623
6590753 10711731
1892028 2386403
5530962 7593858
3381230 4976495
993901 983682
3749662 4509908
3074886 3197772
1165071 1683780
2218064 3953641
6220384 11530405
5905807 9388609
6213792 9339983
2555498 3372034
1305312 2321349
6524242 11818732
5033001 8172331
1204308 1181749
5854030 5317423
3357539 6383079
3201755 5376177
4427037 6080901
5210866 6308648
5887200 9014858
3424691 5597530
6282129 9575161
6101124 10207431
3346630 4949754
6226706 8362428
6631552 8089688
2492434 4861653
1289135 1741956
5474100 6579101
6656891 12885367
3135008 5452749
6500157 6627245
6329869 12252139
667155 798956
4226262 7569759
6116892 6227179
3610736 6425365
376952 670152
5315953 9798014
1480072 2513634
7577 7193
1154041 1992266
2972792 3891974
5677945 7680367
5051708 4608419
368792 439774
3832914 4632266
5504597 5702192
4504102 8405400
2628687 5177382
505932 626488
789922 1253837
3873002 6335311
6480325 6312591
3328236 4006719
6462441 10008209
6136896 9718617
2682712 5175855
2248687 2625605
2974725 3860520
5528775 9178304
1499219 1381351
5415617 6380947
2377489 4031862
34823 34929
7441923 14767515
3461494 4123747
4190579 8289757
3821279 4448789
4439906 4211751
2194632 3750820
1278539 1359712
5897470 7735602
4566048 6959556
7181865 13024440
3379651 3709500
4776019 6438337
175793 256898
7296772 7921273
7299549 9675094
4643900 6640418
5996861 11025564
7242220 11887097
4102867 5774857
726019 1090691
5946898 8828174
3724779 6795483
4083021 5038034
6077721 11452536
3690649 4793049
951420 1613817
1300546 1567224
3697926 6955767
1802685 3155309
1523165 1390255
5797212 8613430
4231073 7397144
7032890 12252308
7368614 11611619
4589796 6869807
3043780 4903079
4536343 6342032
5081291 5515922
429372 556531
4101117 7502886
3249322 6181244
2454048 2484791
6147787 8356344
140167 171863
2534942 4767774
4784519 8311410
5762029 6604409
3294008 4509404
2294678 3432181
980077 1203998
3139410 3498631
5205708 5796233
7129878 13882815
5967765 9101526
2348217 3923495
5063876 5837025
3538539 4256033
3129907 3455735
1285236 1258659
3530633 5104266
3288039 5656293
5641716 7263186
6479588 10026597
7264986 12912607
5846460 6108288
3956782 4036287
2108958 4038667
2432374 2696090
3900754 7086793
3881269 5918126
1800294 1644818
4584579 8228052
81444 161012
6442934 8021061
443478 668264
3982954 4510013
6888307 12136904
7421543 9052776
7027365 7669813
6838738 11225542
1376580 1950903
6523370 7416597
7256727 11660981
159234 194266
1914805 3024119
1996017 1887234
1794949 2839110
2773872 5237843
2951319 5481616
765985 1049260
3742621 4548741
665498 1265798
1015290 2009921
191056 271788
3967463 3923387
2228503 2397284
3224182 5734568
332418 406931
7002241 8885675
1753352 2502586
1826562 3178262
6769540 6727304
7030221 12689330
4713599 7731180
2836970 4994607
5253336 5943598
2090528 3809423
3442468 4704471
3251404 2993840
7121380 11264557
1241361 1935412
3408337 6070654
893324 1544458
6253271 8200020
6581945 10771848
6449295 10138031
6159536 8124290
1277472 2015738
841598 1470176
1789253 2102978
2510026 4763143
1884960 2620096
3910596 5272313
5582472 5667083
1302813 2009344
4768172 8735645
39677 52581
3739379 6201527
1130570 1396504
1324609 2336472
1965894 3530610
5211446 6837732
2764131 4787418
7348832 11448226
5469360 8773113
1592686 2293901
6246770 6831610
3660819 6861828
1299072 1912791
212018 295278
3930429 4705352
979375 1754586
5518510 8927870
4602076 4335060
1918118 3230870
2169170 3854841
3596599 5065337
7067818 6363042
6606879 6472508
1899038 2901563
66761 90236
7166762 8856987
4289945 7481625
6025767 11015369
173846 176634
6647324 12301996
1888818 3061914
1961426 2540922
5241069 4785243
6653840 11973451
6700158 12883980
1073457 1938537
3568913 6175683
7166521 14260279
5038389 6503324
3378726 3486219
6716411 6355570
6364127 10391616
2999647 5501498
5108727 9194209
6507982 11131636
6408800 6523691
6747612 11601387
1111957 2181966
773320 1273865
1479744 2295217
5312198 7422201
2723442 2486010
3013105 3504725
775150 1401145
2026631 3419122
2019187 2963264
5822809 7710527
2430558 3829174
2441796 4337281
1443806 1678070
3644568 7119017
5714333 10040832
4381508 6619487
4576558 8726321
5023565 4720406
7491728 10259440
5279458 7627554
1514379 2055611
6369433 6096368
3795632 7097916
23997 42572
1083711 1780880
5305459 7145193
1900244 1795051
4295319 7173358
523360 693233
3739815 6068381
3797813 3956943
5484589 8149453
494676 458750
4947179 5418837
6923433 7547471
6457113 10560824
943118 872968
4024872 7700893
4935919 8040816
462229 855215
5208700 6780564
6139607 5770086
3653854 3309397
6276483 7191885
596416 653158
7015333 13865903
5797210 7595252
4730502 7797279
3634800 7073815
469506 874589
640384 916416
5756101 9507285
