500000 500
115779 173213
18798 29997
102170 108999
357164 670880
277188 368803
177385 174080
275051 402468
66990 74142
72448 79583
245350 397208
99719 142232
88747 141651
103452 177009
160588 193840
333248 340294
265088 462197
239580 335535
111705 151373
67747 133958
96312 92324
201746 228909
12762 23462
126663 140614
103604 186057
235272 282277
206766 412861
171277 185833
344132 493729
256810 250852
94629 137011
113054 133796
26653 48328
129592 214361
242777 416821
54883 64443
312776 375685
369008 617369
199622 285315
8933 11404
333722 465899
119482 142966
208253 192560
293627 437734
339273 559839
75926 75698
41529 47816
220921 337287
236650 334104
232770 447881
231203 358986
169567 208352
176246 162087
261042 324165
115962 167516
58283 85881
219319 317310
52129 81945
354425 492579
117466 227064
121382 224506
178170 326430
213708 249128
52252 77699
317555 412035
323172 315726
167066 191067
307321 471376
254442 507690
215851 416472
190292 336739
312346 567412
369562 597866
103123 189054
232345 243416
8906 14824
168873 268741
349582 354590
278728 344690
340700 587674
253294 421994
91516 143956
202191 216996
333604 469018
218596 263018
98197 195594
272836 541640
171614 214456
296498 576467
90384 117856
166109 325011
228129 438993
227672 325378
124104 175015
321684 452657
312526 311625
288059 421966
21932 37989
146944 173187
99536 117077
174789 318890
356710 554095
213297 251552
90918 158733
171524 282964
289498 418285
33520 48324
104963 186452
130476 137206
13375 18221
229002 324140
10770 17199
319657 326530
167680 217236
55361 73430
183687 298657
274154 450177
367314 483274
365051 724147
342139 456812
273819 425737
248783 372157
2789 3243
34819 61549
161831 179126
284441 463437
245902 402592
303265 379960
24681 33368
41273 49854
52914 96671
272838 291969
174451 212320
319175 338268
99890 102827
1986 2776
346551 524363
7829 10751
338464 412046
254231 489446
269057 395178
311211 532789
220439 415565
298430 448461
62682 110565
143262 139549
221613 344660
185130 298139
232819 385379
108921 212724
1459 1489
370473 525370
10955 19035
3265 3428
367496 716863
354217 530925
313565 591925
275897 267739
326383 594151
300957 370500
229842 250203
45956 91755
349589 395086
224490 283613
285289 510768
141376 259315
337599 563575
39687 70533
310068 469621
97941 155548
253415 312303
150320 241897
146964 202079
333949 329133
200580 198299
156321 259071
249865 254259
308512 312534
49424 74932
299933 343488
132697 188841
60386 116189
165717 182153
246803 274174
172409 230753
323447 453172
243114 313536
142693 150450
354417 451170
209875 394972
134965 238534
307496 533405
328196 514597
279049 261013
33566 61640
203166 281202
359590 657301
164744 267032
243738 321907
300844 341495
361830 569892
294505 319261
149464 293869
308794 456849
107741 176460
160029 299482
117667 178555
28962 45622
66828 108903
363659 518118
84900 97911
174652 317414
35899 45929
286688 508805
323555 388481
6396 9735
323743 536150
306636 530779
50792 78081
32115 29921
153801 292502
78462 78636
104736 133039
161926 191361
271856 443132
222192 435864
305259 495029
258115 323335
215421 333620
286479 535954
87176 138945
374460 741412
119659 211797
123601 171807
189044 285215
15192 24979
93370 132917
61373 89067
39127 48300
275601 309859
76858 104170
351924 632227
353924 500723
123588 187985
93010 159740
69938 78390
352342 595274
95196 133474
90907 94162
77455 142238
373027 386713
282207 546302
59030 116822
214458 368734
258009 488119
311658 368971
318007 462362
7440 9463
281320 428874
247295 333863
77109 129928
140910 218076
155725 169688
235614 462435
109885 104624
83266 114693
316479 437636
67711 92963
330305 453697
268852 263626
128391 131260
354150 627791
242631 446585
332641 435506
5834 9308
336104 360209
323271 540797
63820 66427
121468 129738
275591 364750
276880 503535
145308 255668
11521 16194
94439 172032
371367 355450
326551 602877
119727 176967
359070 356782
6150 5768
218436 367848
201707 335615
49239 97039
105784 191201
365543 394473
115334 116925
138819 250710
153372 164814
211839 207156
253155 427682
14749 29166
63491 85764
29999 55666
321860 358986
199485 392190
15732 30898
343355 570440
355198 496437
269107 530578
351114 687297
19778 19559
170954 294745
114413 164301
239775 244793
330290 646579
348705 380003
34745 68360
366784 517207
94919 162647
172169 296162
299235 369114
54326 108280
126220 227870
98172 194306
271770 298459
261241 368930
155911 285751
363854 698332
65658 101312
226152 207968
148680 269456
135185 191997
123142 124700
24032 42408
195039 197525
367496 619767
298099 321643
331861 369452
279438 441626
138770 136651
28105 40362
179175 241472
334464 367831
208177 369621
148785 162473
265966 319732
164889 273180
318986 606178
215116 220123
153155 249327
67094 102119
142633 186918
255538 486962
80845 126873
247419 263036
213560 343920
123059 154527
267268 381906
337848 382109
298868 489310
3906 4118
221780 286492
189348 319190
66026 68981
167533 204817
106574 145903
72667 127025
128973 244158
274263 431203
252123 404979
117352 209189
41406 45636
371409 572656
292209 468837
29310 42401
9079 16163
158795 278331
40300 46772
121006 138788
114044 221614
292690 576076
1518 2889
175986 275529
134738 187778
37073 63516
87766 159474
82156 83627
189166 297265
308512 405822
82742 147392
39963 42280
298463 354183
234090 408058
165362 220337
121391 240315
82296 80393
69945 90677
96374 155727
299918 448081
86558 113364
296233 517143
225089 431920
218526 265988
169209 157363
216323 396723
208986 348801
249477 290135
140712 160878
308917 478515
1499 1763
56166 102717
271388 348673
26580 33228
362289 345997
107271 164093
106577 102139
367719 428368
362196 392151
280045 272348
314158 587430
356465 507388
147473 205408
209603 196373
225173 248025
330354 512839
212518 345839
237924 457355
118669 134088
90545 83683
374774 650398
338045 492204
79537 85234
360485 698113
105559 101969
26637 48365
137796 265523
92707 132704
317322 546880
143257 244621
340709 556638
206098 277598
364094 379577
172181 158583
185117 231649
126190 218792
241352 333474
157197 270539
126402 211871
113561 193072
162546 314088
291510 304781
24232 39844
140272 130071
310353 350670
208115 258490
285028 425881
368389 540658
18899 17940
313215 599201
179446 320527
179041 259161
100781 172185
350528 573877
24282 41325
61197 63433
84477 142734
100926 163836
257016 244971
41057 42353
325338 631953
107641 121269
195787 261827
367410 638440
277040 525757
334754 399237
366149 674033
153167 241989
184236 359905
244106 421644
84018 167866
7989 15258
321938 573322
1430 2620
166253 208686
36985 73386
365031 499450
295137 279634
300334 378350
335810 664008
360570 435457
149524 137417
87185 146732
25047 46925
298894 498396
140314 202209
164395 276017
60541 86624
261758 320137
57186 81497
326820 530096
150865 212561
669 1084
