5000000 500
1774315 2694686
2784413 2774697
715121 708448
1810812 2109496
3263669 4949694
3158337 5616846
2560330 4721746
2138848 3445099
399109 365047
3252004 3488525
2842991 2884707
2717613 3159245
769919 1457925
1577520 2464617
1949640 3071094
3725510 5024033
2632396 3634705
2816666 3857875
1552424 2084820
2351462 2817082
489596 486754
3357007 3553039
2807666 4003595
3258090 5300668
1721640 2053354
1637973 1484154
1623558 2807362
1424466 2664567
2822697 5159394
2759062 2638619
3271790 3875252
2089888 2859102
2847574 4407247
827283 1387014
3239248 3976348
2088187 3301897
1667212 1667835
937061 995599
1941443 1750838
1419070 1326627
2264368 4155700
3491587 6505509
1476146 2097644
2953717 3014076
1220149 2079941
151631 220281
2492033 4539085
2630863 3063442
2770362 4726468
315859 366687
1956161 3146012
3414261 6104193
2023451 4017864
682259 640470
729550 1050755
3622884 6349846
2824811 2794878
2328399 2739687
516092 626688
3634139 3459986
2056508 2197069
2993556 5142420
436324 653308
2398368 4066057
1020625 992074
2440832 4325317
1386227 1488288
3417737 6821997
3034846 3159284
822051 1495143
152527 193716
888169 881127
1455624 2481821
1034784 1185444
1741997 2313543
1104333 1918876
1611827 2935731
2131475 3947854
1048013 1945403
3470262 5148580
903368 1039316
293632 566930
3230952 4787238
2715912 4734698
3035810 5447889
2970476 5904329
960362 877839
418417 573326
2065009 2210971
895874 814310
2502880 3261387
3600518 4471699
240721 314136
719464 996278
3002482 4239468
2665457 3428519
1325358 1356443
3609282 6399884
946354 1411146
309423 581177
2812693 4103092
1479575 2770830
2529531 4215477
3306646 4378668
1502572 2752399
1172049 1135356
1475944 2153527
3057450 5575566
1272936 1349595
3617453 4660158
3717484 5888894
294804 543272
84897 130735
1585405 2984168
2073374 1869409
1288445 2269518
681490 626247
2395044 3478618
2422166 4389530
1643512 1499804
2433380 3697605
3350110 4753280
3638719 6268161
3724587 5403657
705406 819657
1301302 2366745
99776 136936
2294609 2184822
3162486 5623486
1265293 2447330
2461988 4867803
834461 1276224
2895631 4013186
3737689 3775221
1291542 1437206
169833 274690
128139 132221
2900053 2983831
137235 232500
1671851 2691740
936994 1759326
3598813 5256865
2465044 3444300
1370609 1729939
491744 688630
3498055 5335623
183934 183153
1948196 3870224
2739224 3506455
280922 466272
2913720 3171318
660387 1090991
890181 1446191
783031 1556981
3053820 5267312
724845 1221245
3120481 5337279
112236 165952
1412950 1839984
500578 569853
346596 478099
2513433 2349644
2493489 2281451
1359305 1542369
205325 229509
17273 28979
2886179 3996333
3317238 3426511
2635616 2882908
1875377 3640274
1471200 2143799
272246 363272
2748045 3057252
3199119 5146002
644780 790364
2806791 4230950
2572265 4718739
1071423 1347739
2301699 4136854
1876883 1899353
851232 1259885
1619983 3167285
1471301 2121359
878459 995125
2185315 2439021
1668794 1595280
921814 1489523
179054 307450
3523747 3518320
1894942 2334533
223639 296929
174861 326972
3101898 4177034
87931 114071
3582007 7118108
3438577 6318205
1372378 2189583
2510812 3277346
3697543 6991546
3449730 6328344
975473 1411303
1185131 1175528
601368 556928
2580520 3643277
2907939 3773360
390006 516732
3619738 5005746
1218958 1601288
1799382 2006254
1629401 2075262
1590330 2475581
1227612 1758808
243807 269468
1408440 2781364
2613031 4853800
1871894 2147257
1793182 2561978
1668855 2643482
2526933 4535056
679341 891126
1575041 3138077
2021831 4027251
1987007 3599292
2966325 3656095
2998803 3096391
1813515 2143745
3029142 4626552
2588225 2426163
746692 1091282
955846 1418398
448602 889230
3172932 5370506
2306702 2686210
2445125 3499180
2678369 3272369
598130 1102708
801786 1569934
3185040 4814240
1285925 2234903
2264919 4048331
2005301 2922524
3366294 4925905
3667395 5735142
2370351 2418380
1239487 2073114
2188378 2163822
448538 795800
2523637 2719991
2200155 4183288
892057 850422
3372711 5937735
698299 667692
86968 150952
447953 453730
1870244 2749419
2149252 3677892
243798 467393
2197479 4074500
1673886 2055789
2589775 4456153
2250290 4064582
1695959 2954753
2297249 2712832
3242956 3483445
834358 1209123
1171317 1433130
1500201 2747933
1283335 2498523
1690521 2161504
2407644 2659774
2211393 3804150
3744830 5648645
2903068 3007085
3438404 6204993
455516 860207
2909748 3091376
2439875 3915980
2576752 5015224
1100213 1358021
923403 1491984
1863672 2840268
3436543 4610506
1214218 1392363
2579208 4090722
3245283 3064811
2021356 2813385
3339795 5263785
457174 502484
1201404 2208713
1696787 2147570
903772 956228
248726 410376
757926 1160464
1985081 1980380
3270231 4536288
2398238 4309545
3531523 4703599
3471436 4919970
1351324 1744936
601205 780221
3553185 4084777
3515261 4239151
3043703 5881335
448292 464815
3001504 5656883
1082404 1043784
2489664 3121094
3198075 4893798
2134407 3590768
3593487 6463854
1595884 1553267
2656964 4509857
1651019 1857811
1535801 2324965
3215908 3758206
770000 1278540
3612639 5075509
3354416 4407690
2165409 3283705
1283159 2531235
771245 1000431
2222085 2336622
332307 643167
3528583 6935168
633957 691559
9574 13489
2481126 2647305
1090943 1608717
2706511 2805318
914826 925504
22547 27623
3683602 6940566
1364495 2478512
1403444 2376446
1893303 2851376
469763 481357
1758186 2366238
1375425 2448203
577313 983434
3385487 4255662
556804 1023560
282642 333589
1099706 2152870
2735771 4845464
549727 921912
3461556 3866756
1455671 2052277
106334 133464
882857 894316
3108977 4884143
3032529 3719241
110413 122681
2938225 4249743
3011315 4351239
1260642 1702424
597004 831166
1069642 1573764
936831 1388166
983898 1034283
170670 214427
2695605 2507046
2508396 2273454
3665675 5413720
1951237 3893212
3240575 4319446
2388381 2659986
2524749 3047270
1457118 2161826
3022367 2994181
2565718 2505802
330475 645420
970453 1664030
2899934 3972187
1028805 958162
3728958 4355878
1651508 3142400
1214912 1660851
2470887 3735159
70271 89869
1140746 1723647
581376 685940
2275522 2173304
1348731 2195361
3599396 5086433
1579548 1727287
2135977 3114231
2016393 2634203
2866354 4516683
1512961 1663115
2129758 1932031
1034224 1378130
1210782 1898887
3291059 3135937
31811 35573
2434567 2887698
555209 906935
1454963 2526097
3462349 4766023
1206975 1617922
1177705 1753495
1991702 3573568
485951 931735
3506793 3376196
3492246 3997612
2792052 4034799
2868064 3874186
3195595 3791869
1418774 2805172
17828 17285
2884964 5635032
644067 1223643
3316737 4167535
3596077 3517415
888214 1524995
683636 1130827
1071041 1031621
3730234 6594205
1782649 2333684
1461197 1602713
736701 1148901
2809741 4680203
1134529 2264518
1268767 1145173
3008407 3635220
858729 1700879
3438845 6247633
3133815 3839787
2039762 2432054
1793232 3002992
2035100 3214024
193779 386592
979212 992261
1886434 3424509
3634194 3480317
2417478 4663554
1049525 1237614
2418842 4322945
678246 821436
221259 347654
1485076 2152629
788461 1027620
178702 296775
3145911 3472505
2991622 5856772
1294277 1736903
2101715 2634190
2532665 4935424
2956149 5409139
418110 748282
2202130 2500570
2680334 2570660
2851259 2660659
982561 1454368
1677147 2112593
2761971 4942300
1372075 2489076
2433046 4559365
3017035 5003993
564942 1105559
908642 1552654
1341933 1544013
3004821 2986737
3307138 5171567
629360 1252937
2728370 4318483
3341238 6445022
2560791 4317720
3524487 5591257
648836 1122611
1684710 3276593
1183784 2076704
712147 725312
1668291 1549182
1722440 2147001
2671019 4797104
1821501 2435747
2852444 3891668
1265540 2350194
15809 26258
1501118 2531129
125824 206238
1726758 3203391
2715479 4038360
195253 332220
60730 91790
2018479 3310218
2504707 3842032
2301068 3637234
2436547 4556028
782562 1051899
134910 158998
3083675 6047785
2429634 4373770
301291 294171
2660207 3118707
2782167 3409496
1833440 2220106
1253358 1411319
1946890 2907133
852838 1286376
