1000000 500
129257 166342
561264 1049414
436712 663820
620115 1132950
309053 310308
87089 79861
66797 87783
299957 322668
377909 719542
247802 406575
407647 547410
714860 910855
611546 651153
41915 82808
325604 384490
317904 361357
690318 1219865
276384 511265
306205 297760
452577 413650
468800 687624
568681 718747
415280 546284
435522 427774
217211 229821
729176 1285185
124421 143503
212648 327462
176293 193005
165241 305312
543868 909273
63090 80498
687031 1143336
82242 100216
374679 645155
133517 126715
723856 767676
360948 470936
593117 921273
10733 14838
355704 325093
272409 467369
5404 7270
385531 537990
727213 1141557
57604 72657
520347 585090
385135 575373
447384 465753
159219 201469
183177 273439
250380 244219
141035 212230
432601 846207
664892 1134490
708982 1104738
658640 1126249
172035 195341
482110 955059
365749 489846
727593 1249195
419976 645314
245506 247111
98181 98045
672153 720708
728937 1031254
583145 928556
623193 1208778
127969 127128
90382 179208
580363 787148
138039 206444
324879 373940
283632 453280
243391 437489
587668 1145048
233726 336089
533177 1039279
364953 463295
587384 736384
145070 183522
749473 1383609
618727 844105
14148 13209
578134 653160
697963 1165012
490975 707161
540053 892756
507609 546306
691097 1277833
449253 600151
437315 821367
140558 276422
449052 876067
376999 589575
497654 503390
347914 457786
185771 184325
353706 366589
213146 280990
402742 773179
436390 684652
569061 726560
623015 835158
646489 916876
631191 969321
596844 639057
111299 144679
390241 622734
54801 58869
15284 16837
602751 707242
404438 715286
394880 744107
612800 1186716
313911 484312
113516 224788
210008 419899
534495 579808
442802 542013
352105 445119
98621 175225
241634 336718
571270 1071624
545810 727662
656195 821658
325116 319727
102493 115675
92959 86853
665529 688026
319256 424344
593425 1172886
233583 287524
647414 933499
586317 1005183
353487 438639
328135 619576
507677 972125
287177 315937
649151 1205275
195621 201539
109994 131854
697383 752781
154709 232150
242053 352369
507315 638055
388009 575199
16749 19519
339408 620359
457841 471645
208307 191488
574016 829591
636577 886680
511210 519550
385066 639408
227832 350181
199395 321513
524084 747562
266011 306053
679982 648314
281505 455187
188105 262353
268164 441267
433523 717740
322040 337772
143614 186968
268492 451437
53814 96776
208395 196104
237714 229527
508156 519426
103081 174448
268519 374124
381457 576316
628499 964066
627713 1043980
370021 486935
293315 464938
337507 529859
652714 1244385
624978 632509
653631 1087745
25326 46020
545313 985284
33137 36558
532012 617186
163744 317016
416518 419088
29601 49204
308278 590076
432760 457140
483162 757710
144092 287926
287664 558902
18580 31195
518082 717631
137021 220883
177087 214430
343340 411437
118681 110440
64722 105997
559353 930247
156765 251822
747084 1064944
302265 363056
705955 1208835
355943 344231
416372 815424
528782 881110
609523 989418
473824 650350
580552 833725
613195 990590
684852 1333253
641737 611765
147337 227309
34910 43281
102952 113974
180776 356334
90288 133441
685356 637000
596757 1000052
108091 143157
133235 223489
78082 86483
186445 255962
302499 446849
320483 479544
619301 1201303
220808 274757
542678 690550
201317 192159
142115 166041
595747 879778
691957 1335766
725509 878289
252039 227208
688504 763464
611160 691272
740317 684229
720252 1002592
303578 342411
111875 190542
103113 180730
424508 812137
612557 832030
355222 363259
98080 93915
119420 121886
285890 556789
231355 257565
183 198
206506 228205
410685 686319
341818 443715
469700 620558
117353 193716
220595 431651
19469 34885
460218 775871
547757 867272
656897 639450
746144 1378481
70985 112122
445759 642834
616433 561283
726468 1338589
651103 831378
715174 797318
624660 962202
669771 1115098
314585 580212
537669 657368
217716 315489
448683 554870
206496 216804
440667 463162
43898 72602
695444 1061648
24175 29441
510452 928981
248080 313245
732982 1061304
678622 793756
559727 576220
278446 267023
485420 739394
607993 668727
258359 473709
176909 237162
441734 513846
52351 60495
21106 21727
173732 318203
632024 751402
241846 388283
468319 808702
689431 1158144
381375 352044
371352 374181
59661 109522
261904 311766
514757 724069
670123 1251683
311666 383853
338931 392947
482885 716986
282570 266574
613786 941166
656809 1196293
504434 642545
145164 143912
730135 970135
80848 138777
530246 1023021
277031 500936
510074 914183
157464 271620
685516 1299341
672767 1112821
116773 169448
279685 386392
423419 610138
628517 1227503
568258 790143
223340 427525
566297 871656
94292 134136
672978 683316
314690 298716
238771 426208
55607 68483
197255 329077
352855 680954
295942 484065
520119 559127
477116 809718
239597 348236
269936 371305
668625 1137355
334741 338234
425773 529973
286874 542379
287951 451402
447601 678869
636571 585901
377066 583992
291346 298389
637499 882204
544643 604598
749340 765043
52423 89495
476248 914295
354511 472265
542889 1080294
259443 397353
321915 432502
715204 876869
430818 847120
376376 364575
161870 313395
247842 317034
532937 628123
56572 105625
578023 1114130
195849 248643
113400 204163
644928 1009751
690158 1328612
462265 654528
321344 361043
518031 535908
289708 472459
477292 697836
545730 984535
358334 374341
366403 398644
698663 799598
179370 329719
495819 673543
356191 580706
43792 46600
386218 462999
107835 176389
515383 721952
176776 190115
42671 80486
527407 939632
561796 870485
559325 839702
519794 492016
35756 34293
19649 35261
503808 953884
713042 1330902
512168 801681
165039 273503
670657 649700
639593 869975
434900 614053
12714 11671
317951 340886
531450 698068
269961 362425
177503 227759
560695 1015628
247936 362970
636194 971029
418115 628728
169990 233003
173434 227530
523715 927844
530774 799350
674845 1095351
586451 1016308
402009 462994
617315 1052720
595192 1103228
554021 793676
691676 806904
734048 1304662
69475 83358
88432 108238
533808 998421
566144 1117953
617678 1151443
107197 130529
469701 628594
242158 223474
553991 920769
431191 523878
88886 125241
360223 539558
253148 505254
330874 372818
528929 745583
213343 408420
66611 128969
401927 605759
647380 703579
348711 649134
583545 587842
236910 357166
519548 757298
306022 349439
92143 108748
357206 601967
44486 88663
383250 595687
634331 603251
345406 679116
417791 709087
188110 198239
664139 734933
490255 653244
194760 364949
132499 243245
509067 921009
64044 115977
239636 453030
131136 259256
551654 757394
613310 1011323
284135 271647
51644 62096
428553 644796
232332 220217
427589 711827
396261 713377
611307 1044992
242566 380631
547639 673604
601183 577065
442598 419140
728883 1161014
102451 132442
688322 751136
395454 485842
432389 488232
747283 919112
711921 1208992
123499 133852
576455 857141
347031 387440
413972 640670
39243 43420
540113 716787
671983 1196310
164854 242607
60560 102418
18633 35801
687001 890114
597269 962327
742800 686888
711195 798414
10570 12709
719075 1367571
191517 232831
590474 751555
601550 1080138
