100000 500
49576 86312
29570 35018
12935 15064
39360 73178
63613 77607
15594 21295
48520 75910
73979 133125
13449 20154
45693 63380
37586 37514
29161 39487
53906 101863
30917 32918
67144 123410
1600 3085
66945 82716
5761 10827
49942 71062
31437 36209
42990 44738
22928 23547
23531 30320
7564 10708
56715 93358
63481 102442
24597 31161
24552 42809
62264 61524
18258 18253
23360 37182
51141 53153
13364 12141
65416 100026
12910 21199
41921 57457
17932 34729
8434 13375
40624 49635
43104 48831
70832 73922
2664 2495
10389 10687
1211 1221
48684 71350
58123 84117
24576 28461
50082 90206
35873 35209
65924 114834
10975 15127
73014 145512
3170 5650
47949 68850
35317 61559
26793 25544
48236 53361
63659 92716
24601 33923
55377 61022
31787 57101
21917 27976
54977 51337
25019 26003
57901 82445
46477 47321
73371 116727
11398 10877
62890 64531
64654 129127
52904 91461
10116 18073
17788 27778
31348 50311
30969 48042
62643 105801
48052 83843
63736 113428
31830 29052
56251 69826
9065 16497
14712 24778
36403 68687
66749 105241
73102 138756
39715 44290
28111 28818
53762 61062
11943 12236
56542 67353
61161 105673
14114 13930
36279 63163
38334 69706
68228 132244
26749 39118
9533 18456
22188 28112
43861 56156
51362 60979
68903 118380
15133 21000
402 798
5527 9080
49111 90213
34955 43101
21956 25043
73509 118193
11971 22533
71386 115993
14024 19300
25671 36328
20372 40582
34362 38193
2290 3671
54509 97895
67429 70072
6535 12230
24106 32800
36005 43300
24607 41237
13746 23699
58491 93313
66464 132160
44705 55916
17757 20045
44567 72567
33285 42797
47702 87423
68831 96633
60470 93512
37174 50783
19321 19021
12861 19441
53052 84737
42102 49456
21497 23307
38614 67133
39095 57441
63890 94210
23268 33898
18444 31891
64816 100145
52429 49516
49068 73790
71687 115877
20855 35490
27335 28466
74606 84939
48150 49909
35280 62692
52613 85848
15936 25186
31892 56639
17306 28799
57839 114619
69064 107355
48739 70443
6757 10588
14515 28642
44364 77216
55594 55879
35890 50036
7909 15632
16691 18940
73505 129921
5199 8879
36112 39946
38939 69282
36427 57702
50246 98900
18994 35582
41066 72513
56795 85263
20082 21637
70839 103300
3714 5327
24370 36886
36405 37662
12557 15665
38627 55284
45436 80384
21048 19107
30677 41167
64143 77682
31038 60247
35600 64148
30325 60509
42947 85203
14253 19374
48289 72797
51616 77728
38289 61659
62044 118496
20389 19085
3415 6101
13729 16628
4388 5940
14504 14248
64362 72507
38535 44087
60651 97342
65719 101352
707 1391
63695 75399
42811 46267
44597 77174
53498 82694
32780 65108
53210 103883
59646 93683
54706 96831
73619 105105
51055 71671
4883 7391
27819 26485
17821 26284
15493 18034
35965 61070
18553 32524
12694 12422
3153 5320
53206 64048
25450 48438
45506 61215
15579 23879
31712 28859
59560 66114
30470 37671
14055 17947
48070 43308
56452 79043
70105 137321
56073 77965
47843 94754
58889 92590
69032 136726
39885 58918
8318 14167
21875 36367
42592 58955
50063 69279
44603 77196
68364 95163
24455 42063
492 979
47135 48434
53711 95877
42143 42832
55720 89718
28386 34684
59487 90005
18165 17079
30321 59912
35737 53040
71712 87365
14007 22288
26790 28606
47851 51658
2097 3905
43724 84379
20579 23279
43929 76897
19244 20178
38308 73294
18546 36803
74901 114633
62829 66899
22430 27642
1855 2097
18417 27974
26725 45068
971 1402
53066 74369
27497 33315
12652 12771
18399 17305
36457 68800
59640 86575
47192 56077
17568 27503
45213 81520
46445 79288
6561 10406
43227 40960
10523 9913
16960 23568
53847 83680
16394 26507
13710 26119
44660 89248
8661 14227
18961 31973
42897 66895
37405 43245
15256 28709
46123 88518
48280 92623
56201 69769
72165 139277
28189 34698
64399 113013
19915 33045
59099 73175
28100 25728
23604 41692
57289 71327
52973 95135
4586 4298
34680 53434
70480 116302
19072 24710
41374 45144
14034 13456
52055 62671
70318 137157
17154 33614
71091 66565
64377 61352
64943 66865
26145 46707
69810 135455
5660 8411
56275 91608
7588 13671
51659 98653
12643 18975
31263 58183
49854 57020
13856 25128
14127 24114
25224 49087
63979 65724
52454 94667
48231 69275
4551 8168
62236 118065
26702 28207
11768 13325
31084 31297
57933 80841
25530 47538
37336 60169
40678 65823
27551 53148
55321 54220
28372 54616
18659 17586
50581 55667
45400 86910
33267 62513
63977 71753
48538 53180
69963 100471
60945 55499
11838 20937
16702 26351
31 58
61252 92273
7322 7983
8611 15256
61833 107942
64761 61926
60066 109628
21015 39787
25029 25892
49937 50123
47810 91395
27022 44889
44507 86696
34989 46895
18249 26651
46299 50521
63518 126008
31314 55367
26859 26974
50991 93004
11246 11190
17121 27735
16500 32756
32872 51536
65933 85461
74739 126672
43786 42052
36684 59503
24495 45588
70055 126979
67751 90404
66047 59745
36548 70841
55830 60023
48184 73657
53926 88619
42998 61107
35095 44513
1079 1845
40958 49943
53841 79732
29885 45701
15389 26582
5858 11590
53412 57601
74641 140838
23225 41360
4734 4559
51050 86824
16583 22788
23667 32786
6404 6712
14005 21054
42855 71272
43348 52073
14488 17042
48112 72431
70550 86134
74735 147935
7258 7472
17025 26812
24184 22380
19994 36993
44720 47761
69918 104416
11026 16619
21066 41504
38635 64767
47693 57356
70568 98811
41281 70419
26396 26201
70225 98870
28041 46388
20894 32617
54825 95433
28677 27470
36837 69308
45984 57457
25197 26074
32577 57376
59322 87015
3956 4783
7887 7766
34580 52212
52346 83553
35559 38921
67957 96706
32783 57745
74608 71018
53055 79055
30341 46194
28893 57036
63441 107948
70510 69246
46915 75779
26513 42343
42817 48190
19869 18653
65685 73290
58548 111539
24376 45888
4894 6599
61014 100920
13750 12992
51138 101979
34031 67336
21253 23635
18796 29009
7616 15058
33779 62377
59742 64221
37834 43586
61561 60348
11701 14805
65042 82526
66750 99331
7226 11647
26440 34907
72891 144641
20366 26397
4720 6314
19282 33821
63129 78276
73685 126967
51281 55231
20512 27079
938 1364
32773 64919
20345 20313
26680 48545
35506 51747
834 1223
74733 96489
26273 50893
69708 87226
11280 16994
44913 51475
49056 81630
66550 61617
72599 101591
37223 69325
67870 101602
